5 2
0 0
8 3
1 1
10 -5
2 2
// 4

10 5
-2 -7
2 5
4 -9
0 5
-1 -4
8 -10
6 -8
6 6
-6 -6
-10 8
// 43

100 10
-957 -222
-622 569
786 150
-570 -926
-440 -617
680 318
-994 -405
366 -919
618 -339
-303 848
309 643
371 737
-225 654
-933 -478
212 -139
999 -59
546 282
-657 261
266 239
163 -760
458 -257
972 499
-862 147
-612 981
795 734
589 95
861 -428
482 -367
622 224
599 -689
-151 619
-826 740
258 730
-606 -612
-428 141
139 -56
832 450
531 -971
796 566
332 14
800 451
-234 601
-420 -517
270 302
-797 702
863 -884
-436 -408
-31 343
51 199
-669 -135
-766 -176
-453 267
-191 25
362 -403
104 -799
520 -964
92 -584
489 -605
696 -74
238 52
693 38
447 -332
-997 961
-200 777
-964 -480
20 -89
-144 -53
-883 -321
-901 -836
-922 32
360 219
-372 -204
-153 -864
956 788
-502 371
-832 -768
-704 -429
477 -528
-368 -260
-4 366
899 526
69 -861
-757 -729
489 463
-721 717
-904 963
340 -291
254 -779
-336 -558
252 -4
-550 755
421 -706
-964 676
44 495
-197 970
-336 287
876 1
744 217
589 -717
-146 -119
// 90142

10 2
6 9
-4 -4
-6 -5
-2 -3
-4 -5
-5 -6
8 4
-7 -2
9 8
6 0
// 59

4
0 0
8 3
11 -1
10 0
// this is when k is 1. Ans is 14