6
5 6
1 1
10 5
7 6
4 8
8 10

969
402771 871358
331774 430233
200416 938714
493239 802478
679495 588921
618659 255731
740059 609884
336514 398685
461274 399869
882590 646076
319340 269776
574926 341881
258020 754819
632751 725016
104764 876863
230827 764981
330458 896166
164339 472200
583248 899221
51078 698083
926805 393505
798186 781232
870670 585051
152943 123189
852489 832654
634929 575889
633854 305917
831252 466174
875726 535143
356487 988367
845318 590341
995396 522609
269402 951240
293771 200555
703404 380125
461612 51231
61508 271722
965052 565192
97366 403344
682076 649788
503553 243369
685238 939178
20684 774280
172609 600666
221865 314237
587514 404081
521652 997648
913515 228588
196083 386179
483302 47585
279636 664595
436552 502851
299187 171701
670840 987485
7059 158362
175079 438099
136802 700653
530191 434214
1591 80785
970357 856750
393045 927269
46952 153311
936039 532802
922433 188359
820100 994553
979876 767115
594666 517974
930619 946159
128323 288482
597055 806221
548965 742170
269104 96730
623179 201403
354201 327590
364511 298167
952207 248602
783666 274622
103857 696889
549695 571064
936614 803553
88429 410759
701283 882569
255308 347464
147301 708866
469716 840912
576881 68792
16683 442544
326680 632688
500317 135026
877942 369801
861859 473243
388656 466237
458911 978857
727859 589854
111644 607381
82746 274139
65039 811920
48262 508026
814362 750150
659109 405661
60742 95455
720429 567295
26182 692539
115775 53878
181176 34419
882438 688624
648036 476381
146487 525496
333949 294662
21649 943407
76253 800311
721628 698581
929738 545138
223915 197887
501685 971443
578332 496608
392056 537009
127700 393090
789333 117212
596101 738379
889275 978462
308265 322811
827714 902044
899142 141674
140011 240692
126825 31308
27106 83966
787501 248302
916990 858445
140275 792248
940541 572589
471913 871402
952266 823652
33029 300321
823289 254130
706057 3153
387335 460307
566782 683721
567004 247161
645050 262580
204554 704660
191260 191828
770765 250060
811020 697415
991370 657794
381246 491844
139218 895317
155821 857628
457886 409496
813857 24955
849810 279262
981867 126693
273723 841201
756646 100347
701331 240852
974646 790966
942073 450565
857801 208488
477244 12671
381018 49216
361935 211505
848619 739780
176147 436106
605896 198933
723793 271599
75976 367472
239359 81024
826701 432618
209208 134744
689088 858673
308486 16588
937496 826511
376282 383656
142290 605928
679311 623287
878967 180664
944428 29306
91354 101335
127200 987053
237337 958966
136582 566599
585562 830562
908961 47927
589517 825406
196382 922602
944173 617354
50838 465857
514688 749856
363083 649565
240916 959411
499751 690005
813570 905744
348354 986492
164461 978526
197723 658781
456513 508319
9755 585856
363190 118575
351703 113956
533259 225345
324236 434949
766733 314791
39459 132053
129487 747976
27756 3971
119730 932329
105636 816505
490908 679143
410801 10008
674882 82617
523042 22396
364896 97008
614897 670075
843708 910071
178498 219879
18024 883349
517731 417033
123711 555751
16076 525222
851493 126057
918878 550139
960777 45036
848421 193410
219301 520030
794328 493677
863481 784903
432405 446311
506005 266247
238503 639320
896077 711195
498946 233631
921668 298839
99267 127575
331876 229931
412722 278676
885922 640288
406593 46821
369724 447066
671628 24017
237820 406933
449176 315356
719988 71785
991126 926849
44225 225415
91102 721526
380105 135803
338102 957421
169215 893226
501899 778703
937564 154387
625588 266433
484133 420560
686516 95648
213737 911251
804022 875398
695489 230571
899792 399620
250256 163390
969090 129256
938755 519630
740470 812406
126992 900982
404351 117168
126968 52396
804316 117200
144134 655742
503859 980362
71695 17303
658008 326605
689521 161209
790533 274240
316694 215233
413793 733831
821616 389735
451964 277500
58108 964541
253710 919224
920513 257197
955645 456394
329616 149374
498517 996731
526723 477901
93711 310866
268351 416085
148237 478539
779316 280041
171545 540128
323737 583095
347691 239043
952690 860676
389986 367583
572044 12980
118151 849883
960125 151360
243599 283864
802726 534911
471 887472
40370 942752
7272 389047
845974 957292
960562 298683
612561 421894
903378 183686
327531 918956
60046 384472
677943 804533
44565 565295
530514 338386
666433 867392
513251 849550
416470 533309
534043 586640
323330 192526
740980 788438
971485 661018
714740 576378
445224 405181
13800 967406
851919 647953
370027 410113
681641 349479
509790 896537
283828 359948
919791 620791
968731 712583
807956 454008
863665 529047
477326 401297
60789 20662
114665 306128
483022 322778
887288 820191
939086 11761
865435 659714
627697 63010
695034 779349
407964 933840
572744 52048
186528 704151
184386 710917
641910 257103
552944 365982
51842 993798
952033 794529
585041 758536
598448 688429
562141 834520
846403 670460
466053 88629
332232 358305
881815 431704
822263 223305
854792 358130
627285 741499
663928 768496
899117 419802
936881 8697
340374 375711
263718 611883
197298 563937
414582 998563
691626 69134
328679 356596
578612 589169
500589 503916
260431 25004
890338 131412
410051 853437
996749 150446
207652 180090
707230 744567
697933 646550
939501 601764
623015 174428
171072 267430
841057 746864
964867 603176
440119 520275
928207 753677
942956 245021
405029 961844
237265 897155
813874 778550
912638 207376
2891 166948
294358 935981
35951 462603
828677 519322
779978 271025
410306 654644
23022 311383
100111 597487
166809 787830
707702 478491
973171 926404
146763 270305
836622 304046
122350 268613
376038 983197
960328 602723
337697 346291
317514 111603
935886 639244
239603 660102
94695 892608
267273 357832
124560 511581
592924 553918
384983 932014
958727 801287
337140 174200
25072 729373
422536 23289
98438 938451
905439 535210
594880 32853
116656 449340
991393 146989
614233 377884
6584 936890
463461 871920
409625 433592
799559 167192
128039 370045
868574 242928
389772 975415
317297 888522
842364 68080
866354 540855
601848 786572
556989 623292
618438 418568
946711 258334
314107 425146
351089 475609
736115 142677
446883 835938
693909 138851
3763 757866
6737 990731
386190 530139
975459 817034
387211 30426
916047 583355
173229 69061
206052 576721
511199 490869
509884 223065
240375 378362
285239 268347
548341 501667
421701 781432
770371 839733
975707 251626
342260 187889
638778 208776
738566 288208
281453 154593
388386 220296
167496 208030
823256 474438
323884 87362
947366 364466
863487 893611
621296 155312
538806 348368
575494 687643
964173 171906
554466 546058
841803 347501
101801 633037
849089 649749
968935 54959
468809 313563
775445 987571
8648 306360
476245 456343
256110 910654
753009 191062
953906 14620
781601 700447
933720 479960
696132 588769
520493 554452
981027 589569
800839 146507
216371 463519
204999 858514
436113 661271
438040 219034
808773 249659
491439 397098
471425 637979
733770 776294
299361 192831
17139 576461
938987 185128
356860 467956
144142 99093
57858 795789
907620 303993
603436 825957
64369 152583
162667 390943
623267 253161
988601 191419
209170 948289
77084 134291
208831 688368
801761 220762
517142 673549
809315 464925
259181 299691
75459 53315
426949 892246
467375 126735
507590 253907
847453 31514
432708 62437
456462 42779
577342 197892
291469 289313
518043 260197
235376 454804
783085 79735
135891 756025
756655 871714
700193 832173
241800 55751
322189 726055
413064 7044
804242 34424
273256 666095
44856 563659
927372 950680
823504 81319
711617 777161
752820 96809
589632 446151
303306 628173
160171 732047
315264 920676
746253 408283
353998 622556
816476 82653
354297 637501
689400 914433
881420 24360
644651 476204
802526 55128
105064 714753
363600 959010
732429 225496
555662 32182
758243 45574
289355 491293
394074 280538
619335 898107
441104 324699
665226 748428
704393 405837
815591 711592
297461 255275
737660 65344
21870 539947
797230 527648
459321 952831
267823 760557
889026 296272
424314 48038
430050 152195
466834 501925
718938 308213
117960 667229
499479 894784
347956 67994
700078 89526
532473 714438
547806 457826
902659 715296
394898 355980
499273 236932
296350 117171
819789 837032
644479 225938
129304 125658
83166 733661
244673 977029
946251 65795
288101 397546
857987 374251
442093 839785
492267 84536
365773 6967
296532 992967
971968 71591
92471 399150
632207 865636
976952 766780
926153 529074
901605 89341
744266 520178
988790 525301
819958 530716
499980 498849
638844 47172
665203 418299
69845 623191
906785 187061
809091 459357
154039 698426
379733 154870
285117 13490
968479 217951
274919 792380
607748 126956
851476 108019
890286 588557
635723 381355
445585 862730
709438 109874
513773 731401
228360 351505
266123 563205
51184 252811
68477 454357
110310 556570
813727 643949
183491 515063
619034 434326
818826 249744
398173 917557
109995 1873
185380 257867
966780 802398
627827 447089
850624 400020
288985 150617
625762 2189
55856 478802
886136 16218
370072 813058
100162 302025
351873 792619
610473 506846
832607 823464
670978 968731
745205 984558
799371 988666
966285 33422
572906 403311
158844 137839
407475 369576
287072 768854
513888 232846
603043 380255
298456 81476
454007 237826
730282 331748
55257 953873
392465 431047
803152 881526
768111 360123
269804 770295
771475 419084
328457 324724
998645 976253
166795 237029
978742 681421
158242 638173
844131 451125
32645 196299
351281 103334
24184 952118
868799 694157
437895 294270
539736 107089
304138 984544
151152 111825
654817 358512
464036 155559
169079 605789
738556 985129
401217 101554
384107 477605
314302 44817
91787 781218
648694 302776
103842 247907
488124 215037
217185 139172
189869 62355
59617 741085
786672 461509
530918 424892
328437 100536
649118 961389
480313 994346
710240 805971
599614 187191
662959 962125
51412 954256
284151 973876
848085 628739
273676 64665
181090 917496
702127 619657
509673 47216
588874 464906
725664 976006
743153 741341
895752 513583
345952 745084
103788 33211
501441 953178
103905 27091
665637 508584
403782 149755
109640 597004
564355 83343
543695 558441
983883 228679
144458 395931
609371 160820
467828 14585
71866 734146
703408 102228
17337 132598
308875 111924
118322 978416
459006 965983
29323 417959
53291 178643
748594 600689
75613 47433
764319 612602
779658 437810
835095 908809
979538 64891
945188 552512
303294 472202
795360 199451
442755 584768
164585 470317
593535 896438
122091 158696
103160 253186
786396 329491
794658 148337
754168 408531
900887 742988
150218 481573
840094 969109
667941 727775
791718 985352
146724 253108
912969 101596
364464 27822
804300 507842
884919 96948
751579 5410
216183 322819
369039 157218
182963 864887
643369 235296
895545 952065
810966 742517
874340 564079
124842 745202
24278 250217
549607 205411
888891 575343
700917 373648
121674 851870
377129 802233
583621 435242
974976 434711
587701 786211
924322 628576
879664 136498
927969 870465
76309 99034
82745 142947
771021 437049
96463 467496
277385 459526
434164 246828
691400 827026
854817 589126
715791 383049
7546 275718
805104 848944
515981 146486
879942 608166
673490 341788
530869 194724
257450 840756
367276 630015
960801 811895
611940 364578
527853 973080
277599 289302
493294 30914
537451 803772
274542 91805
176927 189775
343841 498185
799899 235429
449955 986783
351049 671980
177598 169589
654368 552303
279651 110744
307101 516559
744941 440656
268681 599820
712676 345249
34424 297083
438325 535750
538374 729999
861308 987958
826073 380242
439419 271713
10916 341610
930338 367217
190111 709590
16391 599819
484177 915504
833709 470861
193672 255723
513535 436687
397598 204052
195155 319972
321075 557011
226984 718424
589047 435176
24362 225009
74014 97136
74859 666095
712043 879519
562281 156109
853416 211588
695373 336768
289706 228426
98023 284917
26063 461747
477108 748756
822528 735197
714842 241281
780657 662079
901352 851031
926 639274
817561 287085
420622 831561
913743 840275
964561 186275
855321 870291
746883 712790
953839 139954
647880 750811
998130 819630
953232 786374
947247 989823
896274 740933
973146 758807
272722 930718
524757 28324
632348 426995
671720 337611
86216 158014
846088 98668
808438 410903
593362 245410
271633 998059
788878 769537
348110 498820
844526 219992
965291 481477
341006 26671
821554 705196
483251 550215
5941 740113
169742 11678
341393 13219
779320 4586
540717 336815
994549 107483
124282 629274
96947 174107
537650 540451
606089 997391
78618 903524
930938 867860
81666 889808
90994 658436
13569 391284
78661 896305
538043 980919
130484 65254
397021 150747
701865 788843
703645 35580
245303 382783
956924 150797
884317 980509
854085 423264
504514 579001
813965 885340
427575 779202
622642 628678
996026 81248
832990 966331
81775 722484
874691 522865
738470 22684
321119 871419
763738 490286
411127 526916
640878 764793
207260 414992
186927 359881
388843 291264
780886 9122
54086 493324
273029 543362
525086 950984
454599 850144
536490 254689
461074 270513
717551 38367
923717 804959
175031 890211
935276 456274
498587 441511
237369 257705
249468 63042
578890 782463
652291 303971
467816 912616
49382 235411
645635 104371
325476 53494
885368 985063
719045 803207
91597 242119
28 152224
792177 158224
327431 80690
494846 4216
347627 372743
523769 346286
178106 334084
982350 822686
284398 25130
131670 411308
106637 578130
732946 963317
993061 670831
603758 329235
361102 770829
726849 207639
925229 702101
750473 303951
557741 565576
588146 421439
264517 515010
516877 215017
290486 221366
99226 815879

4
5652 7394
7268 8187
531 5097
8834 2898
// 23576

553
224253 956953
324907 144790
555844 476082
36861 668584
270443 600334
134467 863590
211898 914835
70987 378344
765079 537628
858150 718042
817099 41717
582694 16377
556356 872540
544161 628564
879949 902274
764971 103563
454230 71944
316447 714963
883826 638914
499095 206000
365652 871350
95087 372665
710736 427485
510597 303192
348256 744225
188603 939591
402140 930333
639859 807123
967296 841184
741265 739995
481193 331561
849533 356305
730520 661292
69854 993528
298989 617355
535583 49892
454124 980573
346669 563644
413691 140393
671286 194427
264481 116459
420459 588906
661640 167374
854974 916583
259068 891248
213796 211746
782698 747810
848724 570138
230753 266404
48198 411683
74771 422572
486965 110754
410836 686816
770204 789070
654426 522199
260988 795441
476859 128411
754580 840741
707633 182057
71527 638807
89817 821166
743865 464775
95854 578443
99474 115845
778578 121298
800889 335349
153542 947399
63417 815564
850349 485664
189343 212432
234252 564165
32249 957850
470348 57935
298200 986327
244022 868300
521422 582403
98101 970553
713584 119084
108183 472966
71957 819060
189964 839830
334293 19663
922213 458811
881483 513984
830550 869565
370515 109536
221043 329364
88011 847895
729206 386793
249109 972896
592119 918937
342035 273481
927282 337009
287146 927216
976516 145010
942079 250118
682990 918990
568316 927183
981008 45737
898123 713824
776686 860632
132249 348831
68142 296037
237332 923783
973336 314696
554477 409568
814740 505327
856919 235594
250543 132086
288581 476915
43541 352943
293039 235804
199832 581275
453773 358615
920551 298991
9306 473739
458647 458576
676754 751982
293406 114710
992371 654409
302098 95116
998015 200952
984749 363437
184760 110119
355276 423209
259235 866645
862315 317469
321477 165268
420074 626782
100456 187782
895498 604334
6614 752865
795120 590277
687900 965932
536353 232393
343817 621695
318084 926101
89196 202054
640611 661301
65496 261310
678249 743720
271202 857718
893220 53981
839969 324367
346180 450422
704109 821244
755162 692679
779361 925954
970457 410262
273625 532409
933720 676189
521972 983496
129166 778499
627858 885676
116692 408487
699670 825073
943078 582612
663588 321975
134562 793421
348324 172526
508998 691586
98941 798425
396981 964376
118618 968015
192627 818534
243880 660788
508068 786930
781333 740932
178640 771511
700306 829769
160866 292321
961170 436063
656099 925134
718920 105398
909251 220558
359852 915151
519441 252452
255414 916222
404733 683331
43937 103910
297372 469970
646313 948416
707940 545640
739789 812115
490091 705103
464461 265340
44651 249796
683884 809256
313281 582645
916846 673493
277033 87425
310235 474452
534915 44667
574394 921033
927121 269671
24534 246633
572662 336187
146364 530234
780407 822431
325242 615574
292541 149613
653537 68839
943121 75569
167684 778028
836895 477417
238902 293555
308851 349445
756623 843868
320766 784551
10728 800924
599377 366692
634521 103670
457695 154561
218881 457603
461055 603383
207102 508139
548712 745199
372528 605866
81011 605062
146426 426251
574492 59658
887233 61935
686529 7098
317738 249287
178976 605321
260511 831573
35229 875162
833291 319471
985465 606021
318105 642940
528859 570513
134648 815284
981771 368183
701081 117859
995697 618277
897455 512998
616090 29176
593005 64555
910643 605824
325387 572533
713803 664447
820353 83862
371733 210666
304650 908147
248803 936358
816034 15427
591020 967435
850696 398735
20358 555108
929980 678003
473195 988717
930945 540315
539896 476499
928220 274439
392617 951
216594 869062
141982 366699
500973 2238
936665 208178
663032 976226
652925 855940
57662 864698
417296 822855
368206 786398
265337 915030
976185 979515
431810 455294
153874 151436
201814 1403
144556 922913
618180 309631
309727 163099
840377 710955
805124 130669
776714 808596
637491 927516
87847 142206
698955 456832
466472 787172
880298 91328
511172 310190
461616 804249
55828 580856
658561 285719
424532 16465
435839 770778
994274 591545
77139 694354
106045 839201
313636 392259
192582 370606
153309 121922
799426 379127
705067 240053
637845 455554
101181 976661
659975 362762
281154 708847
20675 359099
701741 713886
493395 305204
705268 858835
456869 562755
715916 898445
893896 57388
777774 508960
545839 619938
766677 209650
756908 518220
407485 157625
954998 910913
404005 323902
583011 790667
752653 338588
222254 726183
960313 252160
229937 178179
438699 740138
863275 53311
363884 712811
517564 163884
239619 879973
359140 257423
2107 405965
253191 498526
450913 434220
618218 239937
62212 939865
741110 532434
735475 13952
897396 163613
785922 233565
370448 515872
994436 533633
578582 725132
603473 890764
899767 821697
739970 140656
502404 249749
505904 78644
447601 123725
609592 834350
840851 719586
366009 477831
342370 890430
545363 398395
321975 601596
62057 695190
723727 362218
437600 19383
954757 813001
419741 976336
757915 918539
24522 292003
387505 967380
153170 963526
926860 816570
47712 528224
970768 210693
104547 984617
409478 841006
370957 730989
383383 537187
620686 745161
969357 328705
352477 177324
434904 77592
191535 430487
210951 907435
207741 774429
480395 335725
195458 451043
957175 520324
588155 142432
839426 177288
368484 274142
996610 924484
960833 591222
148914 893620
332306 78808
630188 68038
930141 411840
909936 862937
413991 758529
407131 198399
9275 384382
688752 273982
285345 6763
922770 232651
462759 682448
723463 81293
940252 963973
467254 727584
681359 102583
149737 381262
811092 82145
514124 861335
975934 895379
909995 887018
250085 128751
729079 469993
313122 621670
484929 804841
323150 975742
113533 910702
22854 448463
629440 982515
863657 769984
276418 399776
564951 207502
880221 932497
209139 737222
713099 964245
643170 220038
967339 655340
408266 599039
246331 669256
886611 2549
946975 363596
573801 344572
116760 774608
80439 163261
125710 387930
608876 715183
572231 240037
560506 192157
899180 701469
46225 119910
690954 517921
436968 440247
292494 31360
692532 399699
760520 649596
394159 214475
835368 208777
202194 199110
139972 176206
287642 619834
860112 495202
612998 430576
730019 995216
447190 844099
894520 988819
249421 293921
900906 803226
729968 987464
740662 898180
785605 916682
135868 882213
210708 810697
546878 719935
549929 132602
432095 523209
158863 848166
20389 648043
700437 91044
526904 307199
831629 545312
763488 43729
996935 487383
771273 724704
303898 968664
181634 959386
442907 91715
725881 634275
766564 882829
580480 817038
276750 767738
621963 499297
353590 308257
190639 593237
660219 525804
415332 498580
836029 982548
836804 606777
280288 930216
37001 902355
519046 893191
613650 442209
863320 250400
574110 717078
415294 308153
643790 637590
605665 936933
221927 634743
991791 378124
840781 602369
113687 646694
766729 116846
187656 438079
789188 710890
71926 382068
399433 748691
18261 33013
406150 202041
517211 795969
424075 539231
487490 677996
256008 57783
344515 107355
35411 426538
739035 777221
43039 798285
85193 653108
312582 947885
426957 398274
494400 505412
236203 61596
148521 677824
74021 627010
777406 731650
326788 769156
147872 367516
779344 893830
750031 401234
120146 884604
664175 880346
344985 531886
166790 791707
692209 28533
245947 591793
708525 67067
176216 589095
191965 535999
564617 539002
152664 348110
829723 420444
197898 588541
827375 892744
137127 881601
570949 761200
857448 265051
241446 898248
759974 143008
747146 452911
86409 701448
276122 194502
499660 264941
176051 328558
356668 607177
23010 705805
630009 428667
78952 325961
779636 93378
625655 339402
169647 318720
502258 369852
198527 708023
535217 711498
602509 895631
474106 864292
537488 240846
730056 189177
// 33699945

8
4 91
97 93
62 33
74 85
8 29
81 32
12 67
25 3