4 10
9 4 1
3 3 5
5 5 10
4 4 5

20 931551327
47960483 94256016 936549689
23634711 69258315 801530355
25432157 10839535 671918027
89506163 4794085 425547791
34475201 66437617 609045131
44926465 56191007 964602056
17521172 31187662 38711495
78931211 84822015 397713398
78231806 50905522 398930945
61458830 33451910 793979387
83021935 3395839 861218331
22554218 50568195 412935177
28669466 55937269 509962054
53918807 68636826 433655076
51885742 43915823 545621061
51439353 30945216 651391961
36526633 93505814 120623679
78207053 53654495 99234462
55821281 19580678 28594374
55213066 23573737 224053014
// 44221413